  3.33333333e-02
  5.00000000e-02
  6.66666667e-02
  8.33333333e-02
  1.07295600e-01
  1.21114116e-01
  1.34932633e-01
  1.48751150e-01
  1.63783116e-01
  1.75584847e-01
  1.87386578e-01
  2.01485771e-01
  2.11784432e-01
  2.22083093e-01
  2.32908594e-01
  2.42043794e-01
  2.51178995e-01
  2.60314196e-01
  2.69288303e-01
  2.77496237e-01
  2.85704172e-01
  2.94662587e-01
  3.02114152e-01
  3.08185649e-01
  3.15008483e-01
  3.21631085e-01
  3.27923031e-01
  3.34214978e-01
  3.40492358e-01
  3.46330070e-01
  3.52167782e-01
  3.57865258e-01
  3.63309904e-01
  3.67995280e-01
  3.73096454e-01
  3.78525443e-01
  3.83323907e-01
  3.88122372e-01
  3.92918519e-01
  3.97448188e-01
  4.01977857e-01
  4.05890882e-01
  4.10311594e-01
  4.14384914e-01
  4.18458234e-01
  4.22890158e-01
  4.26768131e-01
  4.24253677e-01
  4.27954183e-01
  4.31775156e-01
  4.35313727e-01
  4.38852297e-01
  4.42390868e-01
  4.45931712e-01
  4.49321926e-01
  4.52081256e-01
  4.55335052e-01
  4.58735460e-01
  4.61863392e-01
  4.60587444e-01
  4.63598887e-01
  4.66619324e-01
  4.69522643e-01
  4.72425963e-01
  4.75364168e-01
  4.78166859e-01
  4.81087377e-01
  4.83798122e-01
  4.86508894e-01
  4.89129897e-01
  4.91750900e-01
  4.94373856e-01
  4.96912571e-01
  4.95997393e-01
  4.98458830e-01
  5.00970100e-01
  5.03358826e-01
  5.05067218e-01
  5.07387404e-01
  5.09694240e-01
  5.11949710e-01
  5.14205179e-01
  5.16568642e-01
  5.18762908e-01
  5.20878071e-01
  5.23014366e-01
  5.25150662e-01
  5.27347694e-01
  5.29429004e-01
  5.31545205e-01
  5.33574289e-01
  5.33083473e-01
  5.35062887e-01
  5.37042301e-01
  5.39031690e-01
  5.40963808e-01
  5.42895926e-01
  5.44694971e-01
